<?xml version="1.0"?>
<opencv_storage>
<intrinsic_matrix type_id="opencv-matrix">
  <rows>3</rows>
  <cols>3</cols>
  <dt>d</dt>
  <data>
    6.1743236918183959e+02 0. 3.1950000000000000e+02 0.
    6.0482572262616816e+02 2.3950000000000000e+02 0. 0. 1.</data></intrinsic_matrix>
<distortion_coefficients type_id="opencv-matrix">
  <rows>1</rows>
  <cols>5</cols>
  <dt>d</dt>
  <data>
    -1.4707563892261763e-01 7.1409149657584370e-01 0. 0.
    -1.1200430340646030e+00</data></distortion_coefficients>
<reprojection_error>6.7241326356180597e-01</reprojection_error>
</opencv_storage>
